attnmask 1
input grad.shape = torch.Size([1, 3, 256, 256])
input grad = tensor([[[[ 0.0000e+00,  0.0000e+00,  0.0000e+00,  0.0000e+00,  0.0000e+00,
            0.0000e+00,  0.0000e+00,  0.0000e+00,  0.0000e+00,  0.0000e+00],
          [ 0.0000e+00, -1.3726e-03, -5.8288e-04, -1.5724e-04,  1.5170e-04,
           -1.4349e-04, -1.4019e-04,  1.4957e-03, -2.5508e-03,  0.0000e+00],
          [ 0.0000e+00,  1.0629e-03,  1.0543e-03, -5.4914e-04,  9.3218e-05,
           -4.0644e-04,  2.7660e-04,  4.2352e-03, -2.1281e-03,  0.0000e+00],
          [ 0.0000e+00, -6.0163e-05, -5.9418e-04,  4.5248e-04,  1.0901e-04,
            7.4143e-05,  4.8927e-04, -8.8155e-04,  2.1512e-04,  0.0000e+00],
          [ 0.0000e+00, -4.3939e-05,  2.0806e-04,  3.3617e-04, -1.4895e-04,
            3.7272e-05,  6.4603e-04, -2.2579e-04,  4.2665e-04,  0.0000e+00],
          [ 0.0000e+00, -8.1329e-05,  1.5127e-05,  5.0842e-04, -5.7258e-04,
           -5.3547e-04, -1.4251e-05,  1.2669e-04,  1.0674e-05,  0.0000e+00],
          [ 0.0000e+00,  5.6569e-05, -1.2483e-03,  4.8058e-04, -2.2385e-04,
           -5.4539e-04,  6.4756e-05,  4.0177e-04,  1.7702e-04,  0.0000e+00],
          [ 0.0000e+00, -9.5034e-04,  1.2130e-02,  7.0610e-04, -2.1753e-04,
           -1.0144e-04,  5.0281e-04, -4.6865e-03, -1.2234e-03,  0.0000e+00],
          [ 0.0000e+00, -1.2157e-03,  8.4496e-04, -4.4164e-04, -3.7246e-04,
           -3.4440e-04,  5.1806e-04,  7.6351e-04, -1.4879e-04,  0.0000e+00],
          [ 0.0000e+00,  0.0000e+00,  0.0000e+00,  0.0000e+00,  0.0000e+00,
            0.0000e+00,  0.0000e+00,  0.0000e+00,  0.0000e+00,  0.0000e+00]],

         [[ 0.0000e+00,  0.0000e+00,  0.0000e+00,  0.0000e+00,  0.0000e+00,
            0.0000e+00,  0.0000e+00,  0.0000e+00,  0.0000e+00,  0.0000e+00],
          [ 0.0000e+00,  2.7925e-03, -3.6376e-04, -6.7855e-04,  1.5472e-04,
            1.1185e-04, -1.9777e-04, -2.4585e-03,  1.0293e-03,  0.0000e+00],
          [ 0.0000e+00, -6.6841e-04, -1.6673e-03, -7.7225e-04,  9.9359e-05,
           -3.8278e-04,  5.2363e-04, -4.2386e-03, -9.9914e-05,  0.0000e+00],
          [ 0.0000e+00, -5.5140e-04,  7.5744e-04,  3.2776e-03, -6.7631e-04,
           -6.8391e-04,  7.5364e-04,  1.8944e-05, -7.8383e-04,  0.0000e+00],
          [ 0.0000e+00,  1.0371e-04,  1.6280e-05, -1.2285e-03, -1.6803e-03,
           -1.1588e-03, -6.7796e-04, -5.4274e-05,  2.0344e-04,  0.0000e+00],
          [ 0.0000e+00, -7.1968e-05,  2.1443e-04, -9.0445e-04, -6.1121e-04,
           -4.1550e-04, -5.4633e-04, -2.0573e-04, -1.2333e-04,  0.0000e+00],
          [ 0.0000e+00, -6.0863e-05,  4.8791e-04, -4.8614e-04,  6.0289e-04,
            8.3770e-04, -5.1325e-04,  1.0020e-03, -5.6588e-04,  0.0000e+00],
          [ 0.0000e+00,  1.0731e-03,  3.5785e-03,  1.4759e-03,  4.7030e-04,
            7.6716e-05,  9.6821e-04,  2.1592e-02,  6.0166e-04,  0.0000e+00],
          [ 0.0000e+00, -3.1386e-04,  3.2605e-04, -1.0197e-03,  7.0303e-05,
           -1.1522e-05, -8.5586e-04, -1.7062e-04,  3.9053e-04,  0.0000e+00],
          [ 0.0000e+00,  0.0000e+00,  0.0000e+00,  0.0000e+00,  0.0000e+00,
            0.0000e+00,  0.0000e+00,  0.0000e+00,  0.0000e+00,  0.0000e+00]],

         [[ 0.0000e+00,  0.0000e+00,  0.0000e+00,  0.0000e+00,  0.0000e+00,
            0.0000e+00,  0.0000e+00,  0.0000e+00,  0.0000e+00,  0.0000e+00],
          [ 0.0000e+00, -8.7890e-05, -6.3581e-04,  4.5340e-04, -2.4567e-04,
            1.5003e-04,  6.7484e-05,  1.1500e-03, -4.7588e-04,  0.0000e+00],
          [ 0.0000e+00, -7.1113e-05,  1.4636e-04, -4.0339e-04, -6.7149e-04,
           -5.0663e-04,  3.2663e-04, -6.5457e-04,  2.2123e-03,  0.0000e+00],
          [ 0.0000e+00,  2.5254e-04, -7.0858e-04, -2.1400e-03, -3.1304e-04,
            6.1767e-04, -3.2415e-04,  1.2011e-04, -3.4767e-04,  0.0000e+00],
          [ 0.0000e+00, -2.3550e-04, -8.3635e-04,  6.6280e-04, -7.7526e-04,
           -7.9337e-04, -3.6718e-05,  5.8859e-05, -7.7109e-05,  0.0000e+00],
          [ 0.0000e+00, -4.6405e-05, -3.5954e-04,  4.2697e-04, -4.5541e-04,
           -2.7326e-05,  1.2031e-04,  2.3225e-04,  4.1510e-04,  0.0000e+00],
          [ 0.0000e+00, -6.0536e-04,  4.2217e-04,  2.4095e-04,  5.4204e-04,
           -1.9424e-04, -5.5757e-04, -1.1341e-03, -3.5391e-04,  0.0000e+00],
          [ 0.0000e+00,  3.8580e-04, -1.5364e-02, -7.3043e-04,  1.8307e-04,
           -3.2196e-04, -3.1638e-04, -1.4995e-02,  9.7720e-04,  0.0000e+00],
          [ 0.0000e+00,  2.9424e-04, -1.2419e-03,  2.0357e-04,  3.4787e-04,
            1.0156e-04,  2.3675e-04, -1.8301e-04, -2.4313e-04,  0.0000e+00],
          [ 0.0000e+00,  0.0000e+00,  0.0000e+00,  0.0000e+00,  0.0000e+00,
            0.0000e+00,  0.0000e+00,  0.0000e+00,  0.0000e+00,  0.0000e+00]]]],
       device='cuda:0')
masking mult
output grad,  tensor([[[[-0.0000e+00, -0.0000e+00, -0.0000e+00, -0.0000e+00, -0.0000e+00,
           -0.0000e+00, -0.0000e+00, -0.0000e+00, -0.0000e+00, -0.0000e+00],
          [-0.0000e+00,  0.0000e+00,  0.0000e+00,  0.0000e+00,  0.0000e+00,
            0.0000e+00,  0.0000e+00, -0.0000e+00,  0.0000e+00, -0.0000e+00],
          [-0.0000e+00, -0.0000e+00,  0.0000e+00,  0.0000e+00,  0.0000e+00,
            0.0000e+00,  0.0000e+00, -0.0000e+00,  0.0000e+00, -0.0000e+00],
          [-0.0000e+00,  0.0000e+00,  4.7180e-05, -4.5248e-04,  0.0000e+00,
            0.0000e+00, -4.8927e-04,  1.7901e-04, -0.0000e+00, -0.0000e+00],
          [-0.0000e+00,  0.0000e+00, -2.0806e-04,  0.0000e+00,  1.4895e-04,
            0.0000e+00,  0.0000e+00,  0.0000e+00, -0.0000e+00, -0.0000e+00],
          [-0.0000e+00,  0.0000e+00,  0.0000e+00, -0.0000e+00,  0.0000e+00,
            0.0000e+00,  0.0000e+00,  0.0000e+00,  0.0000e+00, -0.0000e+00],
          [-0.0000e+00,  0.0000e+00,  0.0000e+00,  0.0000e+00,  0.0000e+00,
            0.0000e+00,  0.0000e+00,  0.0000e+00,  0.0000e+00, -0.0000e+00],
          [-0.0000e+00,  0.0000e+00, -0.0000e+00,  0.0000e+00,  0.0000e+00,
            0.0000e+00,  0.0000e+00,  0.0000e+00,  0.0000e+00, -0.0000e+00],
          [-0.0000e+00,  0.0000e+00,  0.0000e+00,  0.0000e+00,  0.0000e+00,
            0.0000e+00, -0.0000e+00,  0.0000e+00,  0.0000e+00, -0.0000e+00],
          [-0.0000e+00, -0.0000e+00, -0.0000e+00, -0.0000e+00, -0.0000e+00,
           -0.0000e+00, -0.0000e+00, -0.0000e+00, -0.0000e+00, -0.0000e+00]],

         [[-0.0000e+00, -0.0000e+00, -0.0000e+00, -0.0000e+00, -0.0000e+00,
           -0.0000e+00, -0.0000e+00, -0.0000e+00, -0.0000e+00, -0.0000e+00],
          [-0.0000e+00, -0.0000e+00,  0.0000e+00,  0.0000e+00,  0.0000e+00,
            0.0000e+00,  0.0000e+00,  0.0000e+00,  0.0000e+00, -0.0000e+00],
          [-0.0000e+00,  0.0000e+00,  0.0000e+00,  0.0000e+00,  0.0000e+00,
            0.0000e+00,  0.0000e+00,  0.0000e+00,  0.0000e+00, -0.0000e+00],
          [-0.0000e+00,  0.0000e+00, -8.1762e-05, -3.2776e-03,  0.0000e+00,
            0.0000e+00, -7.5364e-04,  1.1080e-05,  0.0000e+00, -0.0000e+00],
          [-0.0000e+00,  0.0000e+00, -1.6280e-05,  0.0000e+00,  1.6803e-03,
            0.0000e+00,  0.0000e+00,  0.0000e+00,  0.0000e+00, -0.0000e+00],
          [-0.0000e+00,  0.0000e+00,  0.0000e+00,  0.0000e+00,  0.0000e+00,
            0.0000e+00,  0.0000e+00,  0.0000e+00,  0.0000e+00, -0.0000e+00],
          [-0.0000e+00,  0.0000e+00,  0.0000e+00,  0.0000e+00,  0.0000e+00,
           -0.0000e+00,  0.0000e+00, -0.0000e+00,  0.0000e+00, -0.0000e+00],
          [-0.0000e+00,  0.0000e+00,  0.0000e+00, -0.0000e+00, -0.0000e+00,
            0.0000e+00, -0.0000e+00, -0.0000e+00,  0.0000e+00, -0.0000e+00],
          [-0.0000e+00,  0.0000e+00,  0.0000e+00,  0.0000e+00,  0.0000e+00,
            0.0000e+00,  0.0000e+00,  0.0000e+00, -0.0000e+00, -0.0000e+00],
          [-0.0000e+00, -0.0000e+00, -0.0000e+00, -0.0000e+00, -0.0000e+00,
           -0.0000e+00, -0.0000e+00, -0.0000e+00, -0.0000e+00, -0.0000e+00]],

         [[-0.0000e+00, -0.0000e+00, -0.0000e+00, -0.0000e+00, -0.0000e+00,
           -0.0000e+00, -0.0000e+00, -0.0000e+00, -0.0000e+00, -0.0000e+00],
          [-0.0000e+00,  0.0000e+00,  0.0000e+00,  0.0000e+00,  0.0000e+00,
            0.0000e+00, -0.0000e+00,  0.0000e+00,  0.0000e+00, -0.0000e+00],
          [-0.0000e+00,  0.0000e+00,  0.0000e+00,  0.0000e+00,  0.0000e+00,
            0.0000e+00,  0.0000e+00,  0.0000e+00, -0.0000e+00, -0.0000e+00],
          [-0.0000e+00, -0.0000e+00,  4.8709e-05,  2.1400e-03,  0.0000e+00,
           -0.0000e+00,  3.2415e-04, -1.6884e-04,  0.0000e+00, -0.0000e+00],
          [-0.0000e+00,  0.0000e+00,  8.3635e-04, -0.0000e+00,  7.7526e-04,
            0.0000e+00,  0.0000e+00,  0.0000e+00,  0.0000e+00, -0.0000e+00],
          [-0.0000e+00,  0.0000e+00,  0.0000e+00, -0.0000e+00,  0.0000e+00,
            0.0000e+00, -0.0000e+00,  0.0000e+00, -0.0000e+00, -0.0000e+00],
          [-0.0000e+00,  0.0000e+00,  0.0000e+00, -0.0000e+00, -0.0000e+00,
            0.0000e+00,  0.0000e+00,  0.0000e+00,  0.0000e+00, -0.0000e+00],
          [-0.0000e+00,  0.0000e+00,  0.0000e+00,  0.0000e+00,  0.0000e+00,
            0.0000e+00,  0.0000e+00,  0.0000e+00, -0.0000e+00, -0.0000e+00],
          [-0.0000e+00,  0.0000e+00,  0.0000e+00,  0.0000e+00, -0.0000e+00,
           -0.0000e+00, -0.0000e+00,  0.0000e+00,  0.0000e+00, -0.0000e+00],
          [-0.0000e+00, -0.0000e+00, -0.0000e+00, -0.0000e+00, -0.0000e+00,
           -0.0000e+00, -0.0000e+00, -0.0000e+00, -0.0000e+00, -0.0000e+00]]]],
       device='cuda:0')
end atn 1
processed_grad initial tensor([[[[-0.0000e+00, -0.0000e+00, -0.0000e+00, -0.0000e+00, -0.0000e+00,
           -0.0000e+00, -0.0000e+00, -0.0000e+00, -0.0000e+00, -0.0000e+00],
          [-0.0000e+00,  0.0000e+00,  0.0000e+00,  0.0000e+00,  0.0000e+00,
            0.0000e+00,  0.0000e+00, -0.0000e+00,  0.0000e+00, -0.0000e+00],
          [-0.0000e+00, -0.0000e+00,  0.0000e+00,  0.0000e+00,  0.0000e+00,
            0.0000e+00,  0.0000e+00, -0.0000e+00,  0.0000e+00, -0.0000e+00],
          [-0.0000e+00,  0.0000e+00,  4.7180e-05, -4.5248e-04,  0.0000e+00,
            0.0000e+00, -4.8927e-04,  1.7901e-04, -0.0000e+00, -0.0000e+00],
          [-0.0000e+00,  0.0000e+00, -2.0806e-04,  0.0000e+00,  1.4895e-04,
            0.0000e+00,  0.0000e+00,  0.0000e+00, -0.0000e+00, -0.0000e+00],
          [-0.0000e+00,  0.0000e+00,  0.0000e+00, -0.0000e+00,  0.0000e+00,
            0.0000e+00,  0.0000e+00,  0.0000e+00,  0.0000e+00, -0.0000e+00],
          [-0.0000e+00,  0.0000e+00,  0.0000e+00,  0.0000e+00,  0.0000e+00,
            0.0000e+00,  0.0000e+00,  0.0000e+00,  0.0000e+00, -0.0000e+00],
          [-0.0000e+00,  0.0000e+00, -0.0000e+00,  0.0000e+00,  0.0000e+00,
            0.0000e+00,  0.0000e+00,  0.0000e+00,  0.0000e+00, -0.0000e+00],
          [-0.0000e+00,  0.0000e+00,  0.0000e+00,  0.0000e+00,  0.0000e+00,
            0.0000e+00, -0.0000e+00,  0.0000e+00,  0.0000e+00, -0.0000e+00],
          [-0.0000e+00, -0.0000e+00, -0.0000e+00, -0.0000e+00, -0.0000e+00,
           -0.0000e+00, -0.0000e+00, -0.0000e+00, -0.0000e+00, -0.0000e+00]],

         [[-0.0000e+00, -0.0000e+00, -0.0000e+00, -0.0000e+00, -0.0000e+00,
           -0.0000e+00, -0.0000e+00, -0.0000e+00, -0.0000e+00, -0.0000e+00],
          [-0.0000e+00, -0.0000e+00,  0.0000e+00,  0.0000e+00,  0.0000e+00,
            0.0000e+00,  0.0000e+00,  0.0000e+00,  0.0000e+00, -0.0000e+00],
          [-0.0000e+00,  0.0000e+00,  0.0000e+00,  0.0000e+00,  0.0000e+00,
            0.0000e+00,  0.0000e+00,  0.0000e+00,  0.0000e+00, -0.0000e+00],
          [-0.0000e+00,  0.0000e+00, -8.1762e-05, -3.2776e-03,  0.0000e+00,
            0.0000e+00, -7.5364e-04,  1.1080e-05,  0.0000e+00, -0.0000e+00],
          [-0.0000e+00,  0.0000e+00, -1.6280e-05,  0.0000e+00,  1.6803e-03,
            0.0000e+00,  0.0000e+00,  0.0000e+00,  0.0000e+00, -0.0000e+00],
          [-0.0000e+00,  0.0000e+00,  0.0000e+00,  0.0000e+00,  0.0000e+00,
            0.0000e+00,  0.0000e+00,  0.0000e+00,  0.0000e+00, -0.0000e+00],
          [-0.0000e+00,  0.0000e+00,  0.0000e+00,  0.0000e+00,  0.0000e+00,
           -0.0000e+00,  0.0000e+00, -0.0000e+00,  0.0000e+00, -0.0000e+00],
          [-0.0000e+00,  0.0000e+00,  0.0000e+00, -0.0000e+00, -0.0000e+00,
            0.0000e+00, -0.0000e+00, -0.0000e+00,  0.0000e+00, -0.0000e+00],
          [-0.0000e+00,  0.0000e+00,  0.0000e+00,  0.0000e+00,  0.0000e+00,
            0.0000e+00,  0.0000e+00,  0.0000e+00, -0.0000e+00, -0.0000e+00],
          [-0.0000e+00, -0.0000e+00, -0.0000e+00, -0.0000e+00, -0.0000e+00,
           -0.0000e+00, -0.0000e+00, -0.0000e+00, -0.0000e+00, -0.0000e+00]],

         [[-0.0000e+00, -0.0000e+00, -0.0000e+00, -0.0000e+00, -0.0000e+00,
           -0.0000e+00, -0.0000e+00, -0.0000e+00, -0.0000e+00, -0.0000e+00],
          [-0.0000e+00,  0.0000e+00,  0.0000e+00,  0.0000e+00,  0.0000e+00,
            0.0000e+00, -0.0000e+00,  0.0000e+00,  0.0000e+00, -0.0000e+00],
          [-0.0000e+00,  0.0000e+00,  0.0000e+00,  0.0000e+00,  0.0000e+00,
            0.0000e+00,  0.0000e+00,  0.0000e+00, -0.0000e+00, -0.0000e+00],
          [-0.0000e+00, -0.0000e+00,  4.8709e-05,  2.1400e-03,  0.0000e+00,
           -0.0000e+00,  3.2415e-04, -1.6884e-04,  0.0000e+00, -0.0000e+00],
          [-0.0000e+00,  0.0000e+00,  8.3635e-04, -0.0000e+00,  7.7526e-04,
            0.0000e+00,  0.0000e+00,  0.0000e+00,  0.0000e+00, -0.0000e+00],
          [-0.0000e+00,  0.0000e+00,  0.0000e+00, -0.0000e+00,  0.0000e+00,
            0.0000e+00, -0.0000e+00,  0.0000e+00, -0.0000e+00, -0.0000e+00],
          [-0.0000e+00,  0.0000e+00,  0.0000e+00, -0.0000e+00, -0.0000e+00,
            0.0000e+00,  0.0000e+00,  0.0000e+00,  0.0000e+00, -0.0000e+00],
          [-0.0000e+00,  0.0000e+00,  0.0000e+00,  0.0000e+00,  0.0000e+00,
            0.0000e+00,  0.0000e+00,  0.0000e+00, -0.0000e+00, -0.0000e+00],
          [-0.0000e+00,  0.0000e+00,  0.0000e+00,  0.0000e+00, -0.0000e+00,
           -0.0000e+00, -0.0000e+00,  0.0000e+00,  0.0000e+00, -0.0000e+00],
          [-0.0000e+00, -0.0000e+00, -0.0000e+00, -0.0000e+00, -0.0000e+00,
           -0.0000e+00, -0.0000e+00, -0.0000e+00, -0.0000e+00, -0.0000e+00]]]],
       device='cuda:0')
